EESchema-LIBRARY Version 2.3  Date: 11/3/2009-12:23:34
#
# 42TC_A
#
DEF 42TC_A T 0 40 Y N 1 F N
F0 "T" 0 225 50 H V C C
F1 "42TC_A" 0 -225 50 H V C C
$FPLIST
 42TC*
$ENDFPLIST
DRAW
C -100 125 10 0 1 0 F
C -100 -25 10 0 1 0 F
C 100 -125 10 0 1 0 F
C 100 25 10 0 1 0 F
A 75 -125 25 901 -901 0 1 0 N 75 -100 75 -150
A 75 -25 25 901 -901 0 1 0 N 75 0 75 -50
A 75 75 25 901 -901 0 1 0 N 75 100 75 50
P 3 0 1 0  25 150  25 -150  25 -150 N
A -75 -75 25 -899 899 0 1 0 N -75 -100 -75 -50
A -75 25 25 -899 899 0 1 0 N -75 0 -75 50
A -75 125 25 -899 899 0 1 0 N -75 100 -75 150
A -75 75 25 -899 899 0 1 0 N -75 50 -75 100
A -75 -25 25 -899 899 0 1 0 N -75 -50 -75 0
A -75 -125 25 -899 899 0 1 0 N -75 -150 -75 -100
P 3 0 1 0  -25 150  -25 -150  -25 -150 N
A 75 125 25 901 -901 0 1 0 N 75 150 75 100
A 75 25 25 901 -901 0 1 0 N 75 50 75 0
A 75 -75 25 901 -901 0 1 0 N 75 -50 75 -100
X S1 4 275 -150 200 L 50 50 1 1 P
X SM 5 275 0 200 L 50 50 1 1 P
X S2 6 275 150 200 L 50 50 1 1 I
X PR2 3 -275 -150 200 R 50 50 1 1 P
X PRM 2 -275 0 200 R 50 50 1 1 P
X PR1 1 -275 150 200 R 50 50 1 1 P
ENDDRAW
ENDDEF
#
# 42TC_B
#
DEF 42TC_B T 0 40 Y N 1 F N
F0 "T" 0 225 50 H V C C
F1 "42TC_B" 0 -225 50 H V C C
$FPLIST
 42TC*
$ENDFPLIST
DRAW
C -100 125 10 0 1 0 F
C -100 -25 10 0 1 0 F
C 100 -125 10 0 1 0 F
C 100 25 10 0 1 0 F
A 75 -125 25 901 -901 0 1 0 N 75 -100 75 -150
A 75 -25 25 901 -901 0 1 0 N 75 0 75 -50
A 75 75 25 901 -901 0 1 0 N 75 100 75 50
P 3 0 1 0  25 150  25 -150  25 -150 N
A -75 -75 25 -899 899 0 1 0 N -75 -100 -75 -50
A -75 25 25 -899 899 0 1 0 N -75 0 -75 50
A -75 125 25 -899 899 0 1 0 N -75 100 -75 150
A -75 75 25 -899 899 0 1 0 N -75 50 -75 100
A -75 -25 25 -899 899 0 1 0 N -75 -50 -75 0
A -75 -125 25 -899 899 0 1 0 N -75 -150 -75 -100
P 3 0 1 0  -25 150  -25 -150  -25 -150 N
A 75 125 25 901 -901 0 1 0 N 75 150 75 100
A 75 25 25 901 -901 0 1 0 N 75 50 75 0
A 75 -75 25 901 -901 0 1 0 N 75 -50 75 -100
X PR1 4 275 -150 200 L 50 50 1 1 P
X PRM 5 275 0 200 L 50 50 1 1 P
X PR2 6 275 150 200 L 50 50 1 1 I
X S2 3 -275 -150 200 R 50 50 1 1 P
X SM 2 -275 0 200 R 50 50 1 1 P
X S1 1 -275 150 200 R 50 50 1 1 P
ENDDRAW
ENDDEF
#
# 42TL
#
DEF 42TL T 0 40 Y N 1 F N
F0 "T" 0 225 50 H V C C
F1 "42TL" 0 -225 50 H V C C
$FPLIST
 42TL*
$ENDFPLIST
DRAW
C -100 125 10 0 1 0 F
C -100 -25 10 0 1 0 F
C 100 -125 10 0 1 0 F
C 100 25 10 0 1 0 F
A 75 -125 25 901 -901 0 1 0 N 75 -100 75 -150
A 75 -25 25 901 -901 0 1 0 N 75 0 75 -50
A 75 75 25 901 -901 0 1 0 N 75 100 75 50
P 3 0 1 0  25 150  25 -150  25 -150 N
A -75 -75 25 -899 899 0 1 0 N -75 -100 -75 -50
A -75 25 25 -899 899 0 1 0 N -75 0 -75 50
A -75 125 25 -899 899 0 1 0 N -75 100 -75 150
A -75 75 25 -899 899 0 1 0 N -75 50 -75 100
A -75 -25 25 -899 899 0 1 0 N -75 -50 -75 0
A -75 -125 25 -899 899 0 1 0 N -75 -150 -75 -100
P 3 0 1 0  -25 150  -25 -150  -25 -150 N
A 75 125 25 901 -901 0 1 0 N 75 150 75 100
A 75 25 25 901 -901 0 1 0 N 75 50 75 0
A 75 -75 25 901 -901 0 1 0 N 75 -50 75 -100
X S1 4 275 -150 200 L 50 50 1 1 P
X SM 5 275 0 200 L 50 50 1 1 P
X S2 6 275 150 200 L 50 50 1 1 I
X PR2 3 -275 -150 200 R 50 50 1 1 P
X PRM 2 -275 0 200 R 50 50 1 1 P
X PR1 1 -275 150 200 R 50 50 1 1 P
ENDDRAW
ENDDEF
#
# 42TM_A
#
DEF 42TM_A T 0 40 Y N 1 F N
F0 "T" 0 225 50 H V C C
F1 "42TM_A" 0 -225 50 H V C C
$FPLIST
 42TM*
$ENDFPLIST
DRAW
C -100 125 10 0 1 0 F
C -100 -25 10 0 1 0 F
C 100 -125 10 0 1 0 F
C 100 25 10 0 1 0 F
A 75 -125 25 901 -901 0 1 0 N 75 -100 75 -150
A 75 -25 25 901 -901 0 1 0 N 75 0 75 -50
A 75 75 25 901 -901 0 1 0 N 75 100 75 50
P 3 0 1 0  25 150  25 -150  25 -150 N
A -75 -75 25 -899 899 0 1 0 N -75 -100 -75 -50
A -75 25 25 -899 899 0 1 0 N -75 0 -75 50
A -75 125 25 -899 899 0 1 0 N -75 100 -75 150
A -75 75 25 -899 899 0 1 0 N -75 50 -75 100
A -75 -25 25 -899 899 0 1 0 N -75 -50 -75 0
A -75 -125 25 -899 899 0 1 0 N -75 -150 -75 -100
P 3 0 1 0  -25 150  -25 -150  -25 -150 N
A 75 125 25 901 -901 0 1 0 N 75 150 75 100
A 75 25 25 901 -901 0 1 0 N 75 50 75 0
A 75 -75 25 901 -901 0 1 0 N 75 -50 75 -100
X S1 4 275 -150 200 L 50 50 1 1 P
X SM 5 275 0 200 L 50 50 1 1 P
X S2 6 275 150 200 L 50 50 1 1 I
X PR2 3 -275 -150 200 R 50 50 1 1 P
X PRM 2 -275 0 200 R 50 50 1 1 P
X PR1 1 -275 150 200 R 50 50 1 1 P
ENDDRAW
ENDDEF
#
# 42TM_B
#
DEF 42TM_B T 0 40 Y N 1 F N
F0 "T" 0 225 50 H V C C
F1 "42TM_B" 0 -225 50 H V C C
$FPLIST
 42TM*
$ENDFPLIST
DRAW
C -100 125 10 0 1 0 F
C -100 -25 10 0 1 0 F
C 100 -125 10 0 1 0 F
A 75 -75 25 901 -901 0 1 0 N 75 -50 75 -100
A 75 25 25 901 -901 0 1 0 N 75 50 75 0
A 75 125 25 901 -901 0 1 0 N 75 150 75 100
P 3 0 1 0  -25 150  -25 -150  -25 -150 N
A -75 -125 25 -899 899 0 1 0 N -75 -150 -75 -100
A -75 -25 25 -899 899 0 1 0 N -75 -50 -75 0
A -75 75 25 -899 899 0 1 0 N -75 50 -75 100
A -75 125 25 -899 899 0 1 0 N -75 100 -75 150
A -75 25 25 -899 899 0 1 0 N -75 0 -75 50
A -75 -75 25 -899 899 0 1 0 N -75 -100 -75 -50
P 3 0 1 0  25 150  25 -150  25 -150 N
A 75 75 25 901 -901 0 1 0 N 75 100 75 50
A 75 -25 25 901 -901 0 1 0 N 75 0 75 -50
A 75 -125 25 901 -901 0 1 0 N 75 -100 75 -150
X S1 4 275 -150 200 L 50 50 1 1 P
X S2 6 275 150 200 L 50 50 1 1 I
X PR2 3 -275 -150 200 R 50 50 1 1 P
X PRM 2 -275 0 200 R 50 50 1 1 P
X PR1 1 -275 150 200 R 50 50 1 1 P
ENDDRAW
ENDDEF
#
# TRANSFO_2/2
#
DEF TRANSFO_2/2 T 0 40 Y N 1 F N
F0 "T" 0 225 50 H V C C
F1 "TRANSFO_2/2" 0 -225 50 H V C C
DRAW
C -100 125 10 0 1 0 F
C 100 -125 10 0 1 0 F
A 75 -125 25 901 -901 0 1 0 N 75 -100 75 -150
A 75 -25 25 901 -901 0 1 0 N 75 0 75 -50
A 75 75 25 901 -901 0 1 0 N 75 100 75 50
P 3 0 1 0  25 150  25 -150  25 -150 N
A -75 -75 25 -899 899 0 1 0 N -75 -100 -75 -50
A -75 25 25 -899 899 0 1 0 N -75 0 -75 50
A -75 125 25 -899 899 0 1 0 N -75 100 -75 150
A -75 75 25 -899 899 0 1 0 N -75 50 -75 100
A -75 -25 25 -899 899 0 1 0 N -75 -50 -75 0
A -75 -125 25 -899 899 0 1 0 N -75 -150 -75 -100
P 3 0 1 0  -25 150  -25 -150  -25 -150 N
A 75 125 25 901 -901 0 1 0 N 75 150 75 100
A 75 25 25 901 -901 0 1 0 N 75 50 75 0
A 75 -75 25 901 -901 0 1 0 N 75 -50 75 -100
X S1 3 275 -150 200 L 50 50 1 1 P
X S2 4 275 150 200 L 50 50 1 1 I
X PR2 2 -275 -150 200 R 50 50 1 1 P
X PR1 1 -275 150 200 R 50 50 1 1 P
ENDDRAW
ENDDEF
#
# TRANSFO_2/3
#
DEF TRANSFO_2/3 T 0 40 Y N 1 F N
F0 "T" 0 225 50 H V C C
F1 "TRANSFO_2/3" 0 -225 50 H V C C
DRAW
C -100 125 10 0 1 0 F
C 100 -125 10 0 1 0 F
C 100 25 10 0 1 0 F
A 75 -125 25 901 -901 0 1 0 N 75 -100 75 -150
A 75 -25 25 901 -901 0 1 0 N 75 0 75 -50
A 75 75 25 901 -901 0 1 0 N 75 100 75 50
P 3 0 1 0  25 150  25 -150  25 -150 N
A -75 -75 25 -899 899 0 1 0 N -75 -100 -75 -50
A -75 25 25 -899 899 0 1 0 N -75 0 -75 50
A -75 125 25 -899 899 0 1 0 N -75 100 -75 150
A -75 75 25 -899 899 0 1 0 N -75 50 -75 100
A -75 -25 25 -899 899 0 1 0 N -75 -50 -75 0
A -75 -125 25 -899 899 0 1 0 N -75 -150 -75 -100
P 3 0 1 0  -25 150  -25 -150  -25 -150 N
A 75 125 25 901 -901 0 1 0 N 75 150 75 100
A 75 25 25 901 -901 0 1 0 N 75 50 75 0
A 75 -75 25 901 -901 0 1 0 N 75 -50 75 -100
X S1 3 275 -150 200 L 50 50 1 1 P
X SM 4 275 0 200 L 50 50 1 1 P
X S2 5 275 150 200 L 50 50 1 1 I
X PR2 2 -275 -150 200 R 50 50 1 1 P
X PR1 1 -275 150 200 R 50 50 1 1 P
ENDDRAW
ENDDEF
#
# TRANSFO_2/4
#
DEF TRANSFO_2/4 T 0 40 Y N 1 F N
F0 "T" 0 275 50 H V C C
F1 "TRANSFO_2/4" 0 -275 50 H V C C
DRAW
C 100 75 10 0 1 0 F
C 100 -175 10 0 1 0 F
C -100 125 10 0 1 0 F
P 3 0 1 0  25 200  25 -200  25 -200 N
A 75 -175 25 901 -901 0 1 0 N 75 -150 75 -200
A 75 -75 25 901 -901 0 1 0 N 75 -50 75 -100
A 75 125 25 901 -901 0 1 0 N 75 150 75 100
A -75 -125 25 -899 899 0 1 0 N -75 -150 -75 -100
A -75 -25 25 -899 899 0 1 0 N -75 -50 -75 0
A -75 75 25 -899 899 0 1 0 N -75 50 -75 100
A -75 25 25 -899 899 0 1 0 N -75 0 -75 50
A -75 125 25 -899 899 0 1 0 N -75 100 -75 150
A -75 -75 25 -899 899 0 1 0 N -75 -100 -75 -50
A 75 175 25 901 -901 0 1 0 N 75 200 75 150
A 75 75 25 901 -901 0 1 0 N 75 100 75 50
A 75 -125 25 901 -901 0 1 0 N 75 -100 75 -150
P 3 0 1 0  -25 200  -25 -200  -25 -200 N
X S1A 4 275 -200 200 L 50 50 1 1 P
X S1B 5 275 -50 200 L 50 50 1 1 P
X S2A 6 275 50 200 L 50 50 1 1 P
X S2B 7 275 200 200 L 50 50 1 1 P
X PR2 3 -275 -150 200 R 50 50 1 1 P
X PR1 1 -275 150 200 R 50 50 1 1 P
ENDDRAW
ENDDEF
#
# TRANSFO_3/2
#
DEF TRANSFO_3/2 T 0 40 Y N 1 F N
F0 "T" 0 225 50 H V C C
F1 "TRANSFO_3/2" 0 -225 50 H V C C
DRAW
C -100 125 10 0 1 0 F
C -100 -25 10 0 1 0 F
C 100 -125 10 0 1 0 F
A 75 -125 25 901 -901 0 1 0 N 75 -100 75 -150
A 75 -25 25 901 -901 0 1 0 N 75 0 75 -50
A 75 75 25 901 -901 0 1 0 N 75 100 75 50
P 3 0 1 0  25 150  25 -150  25 -150 N
A -75 -75 25 -899 899 0 1 0 N -75 -100 -75 -50
A -75 25 25 -899 899 0 1 0 N -75 0 -75 50
A -75 125 25 -899 899 0 1 0 N -75 100 -75 150
A -75 75 25 -899 899 0 1 0 N -75 50 -75 100
A -75 -25 25 -899 899 0 1 0 N -75 -50 -75 0
A -75 -125 25 -899 899 0 1 0 N -75 -150 -75 -100
P 3 0 1 0  -25 150  -25 -150  -25 -150 N
A 75 125 25 901 -901 0 1 0 N 75 150 75 100
A 75 25 25 901 -901 0 1 0 N 75 50 75 0
A 75 -75 25 901 -901 0 1 0 N 75 -50 75 -100
X S1 4 275 -150 200 L 50 50 1 1 P
X S2 5 275 150 200 L 50 50 1 1 I
X PR2 3 -275 -150 200 R 50 50 1 1 P
X PRM 2 -275 0 200 R 50 50 1 1 P
X PR1 1 -275 150 200 R 50 50 1 1 P
ENDDRAW
ENDDEF
#
# TRANSFO_3/3
#
DEF TRANSFO_3/3 T 0 40 Y N 1 F N
F0 "T" 0 225 50 H V C C
F1 "TRANSFO_3/3" 0 -225 50 H V C C
DRAW
C -100 125 10 0 1 0 F
C -100 -25 10 0 1 0 F
C 100 -125 10 0 1 0 F
C 100 25 10 0 1 0 F
A 75 -125 25 901 -901 0 1 0 N 75 -100 75 -150
A 75 -25 25 901 -901 0 1 0 N 75 0 75 -50
A 75 75 25 901 -901 0 1 0 N 75 100 75 50
P 3 0 1 0  25 150  25 -150  25 -150 N
A -75 -75 25 -899 899 0 1 0 N -75 -100 -75 -50
A -75 25 25 -899 899 0 1 0 N -75 0 -75 50
A -75 125 25 -899 899 0 1 0 N -75 100 -75 150
A -75 75 25 -899 899 0 1 0 N -75 50 -75 100
A -75 -25 25 -899 899 0 1 0 N -75 -50 -75 0
A -75 -125 25 -899 899 0 1 0 N -75 -150 -75 -100
P 3 0 1 0  -25 150  -25 -150  -25 -150 N
A 75 125 25 901 -901 0 1 0 N 75 150 75 100
A 75 25 25 901 -901 0 1 0 N 75 50 75 0
A 75 -75 25 901 -901 0 1 0 N 75 -50 75 -100
X S1 4 275 -150 200 L 50 50 1 1 P
X SM 5 275 0 200 L 50 50 1 1 P
X S2 6 275 150 200 L 50 50 1 1 I
X PR2 3 -275 -150 200 R 50 50 1 1 P
X PRM 2 -275 0 200 R 50 50 1 1 P
X PR1 1 -275 150 200 R 50 50 1 1 P
ENDDRAW
ENDDEF
#
# TRANSFO_3/4
#
DEF TRANSFO_3/4 T 0 40 Y N 1 F N
F0 "T" 0 275 50 H V C C
F1 "TRANSFO_3/4" 0 -275 50 H V C C
DRAW
C 100 75 10 0 1 0 F
C 100 -175 10 0 1 0 F
C -100 125 10 0 1 0 F
C -100 -25 10 0 1 0 F
P 3 0 1 0  25 200  25 -200  25 -200 N
A 75 -175 25 901 -901 0 1 0 N 75 -150 75 -200
A 75 -75 25 901 -901 0 1 0 N 75 -50 75 -100
A 75 125 25 901 -901 0 1 0 N 75 150 75 100
A -75 -125 25 -899 899 0 1 0 N -75 -150 -75 -100
A -75 -25 25 -899 899 0 1 0 N -75 -50 -75 0
A -75 75 25 -899 899 0 1 0 N -75 50 -75 100
A -75 25 25 -899 899 0 1 0 N -75 0 -75 50
A -75 125 25 -899 899 0 1 0 N -75 100 -75 150
A -75 -75 25 -899 899 0 1 0 N -75 -100 -75 -50
A 75 175 25 901 -901 0 1 0 N 75 200 75 150
A 75 75 25 901 -901 0 1 0 N 75 100 75 50
A 75 -125 25 901 -901 0 1 0 N 75 -100 75 -150
P 3 0 1 0  -25 200  -25 -200  -25 -200 N
X S1A 4 275 -200 200 L 50 50 1 1 P
X S1B 5 275 -50 200 L 50 50 1 1 P
X S2A 6 275 50 200 L 50 50 1 1 P
X S2B 7 275 200 200 L 50 50 1 1 P
X PR2 3 -275 -150 200 R 50 50 1 1 P
X PRM 2 -275 0 200 R 50 50 1 1 P
X PR1 1 -275 150 200 R 50 50 1 1 P
ENDDRAW
ENDDEF
#
#End Library
